18
0
1
0
0
1
0
9
0
0
0
0
104
0
0
1
1
2
5
3
0
8
1
1
0
3
4
0
6
0
2
0
0
1
0
0
5
48
0
1
2
0
0
1
2
0
3
10
0
5
0
0
0
0
0
0
1
1
0
3
1
0
32
0
0
0
1
4
0
4
0
0
2
0
3
5
0
1
0
2
0
0
0
0
1
0
0
0
0
0
1
0
1
0
0
0
0
2
1
0
1
3
0
0
0
0
0
7
0
0
0
0
10
0
0
1
11
0
1
0
0
0
0
2
8
0
0
0
0
0
0
0
0
1
7
2
1
0
0
1
0
0
1
2
4
0
0
0
0
71
0
0
0
0
10
0
3
1
0
5
5
0
0
0
0
0
0
1
0
1
0
0
0
0
1
0
0
3
0
0
0
0
0
3
0
5
0
0
0
30
0
0
3
8
0
2
0
4
3
0
1
1
0
2
0
2
0
0
0
1
0
3
0
0
2
1
0
0
1
0
0
0
0
0
0
0
11
0
0
9
2
0
31
0
1
0
1
0
0
0
0
2
1
0
0
0
0
0
0
0
1
0
17
3
0
0
1
0
0
7
5
0
0
2
0
8
4
1
4
0
1
0
0
5
0
0
2
5
0
0
3
0
0
1
2
1
15
0
0
0
0
5
0
3
1
0
2
0
0
0
1
15
0
1
0
0
0
0
2
4
0
1
0
0
0
0
0
1
0
0
2
5
2
0
0
0
169
1
0
3
0
0
1
0
22
11
0
0
1
0
0
0
21
0
1
1
0
0
0
0
0
0
13
21
8
0
10
0
12
0
8
0
3
0
0
0
2
1
0
0
1
0
2
1
2
0
1
0
0
1
0
0
0
0
0
0
1
0
0
0
0
0
0
1
1
0
0
1
0
0
8
0
1
2
1
0
0
0
0
0
0
7
1
0
1
0
2
51
2
0
1
0
0
0
0
1
0
1
0
1
4
0
0
0
2
5
0
2
7
0
0
0
0
0
0
0
1
0
2
0
0
0
1
7
0
1
2
0
0
0
0
5
0
1
0
0
3
0
0
0
1
0
0
9
0
4
1
0
3
1
0
0
0
0
0
0
0
11
0
2
1
0
0
3
1
2
1
13
0
6
0
0
6
0
1
0
6
22
0
0
1
0
1
0
19
0
4
0
2
2
3
0
0
0
0
0
0
0
1
0
50
1
0
0
0
3
16
5
1
0
0
2
38
0
2
0
1
0
7
2
0
0
0
0
3
9
3
4
0
0
0
5
0
7
0
0
0
0
2
11
4
0
1
0
0
0
5
0
0
1
0
0
0
0
0
0
0
1
0
9
15
4
22
9
2
0
2
0
0
0
0
0
0
0
1
0
0
5
0
0
1
2
2
1
0
0
2
0
0
0
1
0
0
2
0
0
0
8
5
0
19
1
4
0
0
0
0
0
0
3
0
0
0
0
0
0
1
2
5
0
0
14
0
2
1
0
0
0
0
0
0
0
8
5
0
0
0
0
0
1
0
0
3
0
6
2
0
0
0
0
1
0
0
0
0
0
0
3
2
1
1
0
0
3
12
0
0
0
0
0
7
6
0
1
0
0
0
1
6
0
1
0
0
1
0
0
0
0
0
0
6
3
0
2
1
0
4
0
1
0
0
1
0
0
0
0
0
0
0
1
42
1
0
2
1
1
0
1
3
0
0
0
0
100
7
0
0
2
0
0
0
0
5
0
0
1
0
0
0
7
0
0
5
0
0
62
2
0
0
2
1
0
0
1
0
0
1
0
3
2
0
0
0
0
0
0
0
2
0
6
1
0
0
3
0
0
1
0
0
0
54
0
0
1
0
0
2
0
0
0
0
1
0
0
3
2
0
1
0
0
3
0
6
0
1
0
0
4
0
3
0
1
0
0
0
3
0
1
2
18
2
0
0
0
0
0
0
32
0
0
18
0
1
22
0
1
0
0
0
0
0
1
0
11
0
0
0
0
0
0
1
0
4
1
0
2
1
0
21
0
0
2
4
0
0
0
1
129
5
0
3
0
0
1
0
0
7
0
0
0
0
2
0
2
1
0
4
1
2
2
0
7
0
4
21
0
0
0
0
0
1
48
0
0
0
0
0
5
1
0
3
0
0
2
0
0
0
1
0
0
0
0
0
0
0
3
1
0
1
0
0
0
1
0
14
1
0
0
1
0
2
1
0
1
0
4
0
0
2
1
0
21
3
2
0
0
0
0
0
0
0
0
0
0
0
0
1
131
0
1
0
0
0
2
0
2
1
2
0
3
0
0
0
0
1
0
0
5
0
0
1
0
0
37
0
0
0
1
0
2
35
0
1
0
0
0
0
3
0
0
1
17
20
0
0
0
0
0
0
2
1
0
4
0
0
29
0
0
7
2
0
0
0
0
3
0
1
85
0
0
0
0
0
0
0
0
0
2
36
4
0
1
1
0
0
2
0
0
0
1
1
3
0
0
0
0
1
0
0
1
0
0
1
0
0
0
10
11
1
0
5
0
12
2
0
13
0
1
0
0
0
0
2
1
0
2
22
0
16
0
0
1
4
1
2
0
4
0
2
4
3
9
2
5
2
0
0
0
13
0
0
5
0
0
0
0
0
0
1
2
0
3
0
0
1
0
1
3
0
0
0
0
0
0
3
5
0
0
0
0
2
1
3
2
1
0
0
0
0
3
0
0
1
1
0
0
0
0
0
1
0
0
1
0
0
0
0
2
5
0
7
0
0
2
4
0
179
2
0
1
0
24
0
9
0
5
0
0
0
2
0
0
0
1
1
0
0
0
0
32012
0
1
4
3
0
0
0
2
0
0
0
1
0
0
1
0
0
1
0
0
1
0
0
0
7
0
0
1
0
2
0
0
0
0
1
1
4
3
1
0
0
2
0
0
1
0
0
0
0
0
0
0
3
1
0
9
4
0
0
0
1
1
0
0
0
0
0
0
1
0
1
2
0
0
0
0
1
0
1
3
0
0
12
0
0
0
0
20
0
0
10
0
0
41
3
0
49
0
0
0
0
0
1
0
1
0
0
0
0
0
0
1
0
0
1
0
2
1
0
0
1
0
0
0
0
0
0
0
3
0
0
0
0
2
7
1
0
9
1
4
4
0
0
0
0
5
0
0
1
0
0
0
5
1
0
3
0
0
8
0
0
7
0
0
0
0
0
0
0
1
6
0
1
0
0
0
23
0
133
1
0
0
0
2
0
0
0
1
0
3
0
8
0
0
1
0
1
0
0
2
2
0
0
0
11
0
8
2
0
0
3
0
0
1
8
0
0
1
0
0
1
12
0
0
4
2
0
20
1
0
1
3
2
0
0
2
0
3
1
0
0
4
0
16
0
1
0
0
1
0
126
1
0
0
1
20
26
0
2
0
0
1
0
1
0
4
0
0
0
1
0
15
1
0
0
2
2
0
0
0
0
0
0
0
0
0
6
1
2
1
0
0
0
0
0
1
0
0
10
2
0
0
0
4
1
14
0
6
2
0
1
0
8
55
0
0
2
0
0
0
0
1
0
1
0
0
0
0
583
2
1
1
82
0
0
0
0
0
0
6
0
3
0
0
0
1
1
0
5
0
0
1
296
0
1
20
0
0
0
0
0
0
3
0
0
0
0
0
4
5
2
5
1
0
0
0
0
0
0
8
1
0
13
24
0
0
1
4
0
35
0
2
0
0
0
3
0
0
0
0
0
0
0
1
0
0
1
0
0
0
3
0
6
1
0
0
2
0
0
2
0
1
0
6
1
0
2
1
0
0
1
3
0
0
0
0
0
0
0
0
2
1
0
4
3
0
0
1
0
0
0
5
0
0
1
0
0
1
2
0
0
0
5
0
14
7
0
0
0
0
16
3
2
0
0
1
0
0
18
0
807
0
1
0
0
0
531
0
5
2
0
0
0
0
2
1
0
0
3
0
0
0
0
13
0
0
1
0
22
0
0
0
0
8
3
14
21
0
0
4
0
9
0
0
9
0
0
0
0
0
2
0
0
0
0
0
0
0
2
1
2
3
0
0
1
0
0
3
0
2
0
0
0
2
26
1
0
0
0
0
0
0
10
0
0
1
0
0
3
0
0
1
0
1
0
0
0
0
1
1
0
2
1
10
0
0
0
0
1
0
0
0
0
0
0
2
27
12
0
9
0
0
0
0
0
2
1
0
4
1
0
0
0
0
1
0
0
0
0
6
1
0
1
0
1
0
0
4
0
0
2
2
1
0
0
0
0
9
0
18
1
0
0
0
26
0
6
5
0
0
3
0
0
0
0
1
0
0
1
0
0
4
0
0
1
0
180
1
1
0
0
7
0
0
2
0
0
0
19
2
4
1
1
0
2
0
0
14
5
0
0
1
0
0
0
48
0
0
0
3
0
2
1
0
0
3
0
1
6
1
0
0
0
0
0
0
0
1
6
0
0
14
1
9
26
0
0
2
0
0
0
0
3
0
62
0
2
2
2
0
1
0
0
1
0
0
0
0
3
1
0
0
0
0
0
0
0
0
1
0
0
6
0
8
9
0
7
0
0
0
0
2
0
0
0
0
0
0
1
2
0
7
1
0
1
0
0
0
0
1
0
0
1
0
8
0
0
0
0
13
2
0
203
0
0
1
0
0
7
0
0
0
0
0
0
3
0
3
0
0
0
0
1
7
0
1
2
0
2
0
27
10
0
65
1
0
3
0
0
0
1
2
0
1
0
2
0
0
0
1
0
3
0
0
0
0
0
3
0
0
0
21
0
0
5
2
1
0
0
0
0
0
0
0
1
1
0
5
0
0
0
1
1
0
3
0
0
0
0
0
0
0
1
0
0
1
0
0
1
0
19
8
1
0
0
3
2
0
1
0
0
0
0
0
0
1
1
0
31
1
6
0
0
1
0
1
4
0
4
0
0
0
0
15
1
0
1
0
0
0
2
0
1
0
0
0
0
0
0
1
0
1
0
0
0
0
0
1
0
1
55
0
0
0
0
0
3
34
0
4
0
0
0
0
1
7
0
1
0
0
0
0
0
0
0
1
0
0
0
2
0
0
1
0
0
1
0
0
1
0
0
1
0
0
0
2
0
0
4
0
4
0
4
0
0
3
5
0
1
1
0
0
4
0
0
0
17
1
0
1
0
0
0
1
1
0
3
0
0
2
0
0
3
2
1
0
4
0
2
0
1
3
0
0
0
0
0
3
0
1
1
0
0
4
2
0
0
5
1
0
7
2
0
0
1
1
0
1
0
0
0
0
0
0
0
87
2
4
1
2
0
3
0
0
0
1
0
0
1
0
2
1
0
0
4
0
0
0
0
1
0
1
7
0
0
0
0
0
3
1
0
2
0
0
0
0
1
7
34
1
4
12
1
0
0
1
0
0
0
0
0
0
1
0
1
0
2
0
0
0
1
26
3
1
0
0
0
0
0
1
3
0
0
0
0
0
0
0
1
0
1
1
0
0
0
0
1
0
1
0
0
0
0
0
0
657
5
0
3
0
0
1
0
0
11
2
0
0
0
0
0
0
0
0
5
0
0
2
0
3
0
1
5
0
0
0
0
0
2
0
12
0
15
0
0
0
1
0
0
1
0
0
0
0
0
5
0
0
0
0
0
2
0
3
1
5
0
0
0
0
1
0
1
1
0
0
1
0
0
0
0
1
0
5
0
0
0
0
0
0
3
149
0
0
0
0
15
0
5
0
0
4
0
0
1
0
4
0
1
0
0
0
2
6
1
16
0
3
0
0
0
0
1
2
0
9
0
0
1
0
0
1
3
8
0
0
0
0
0
2
0
0
1
0
0
3
0
6
1
0
0
2
161
2
0
5
0
0
1
0
0
0
2
1
4
0
19
0
2
0
0
0
3
1
0
0
1
40
0
6
2
0
0
1
0
0
0
0
0
1
0
0
0
3
0
0
0
0
6
3
0
0
0
0
1
2
0
5
0
0
0
6
0
0
0
0
1
1
0
0
2
0
0
0
0
1
0
2
2
2
0
0
0
0
0
2
2
0
2
0
1
0
3
0
0
1
0
0
7
0
0
1
0
2
2
0
1
2
1
0
0
0
0
0
0
0
1
2
0
3
0
48
0
0
1
0
0
10
2
0
0
0
0
1
0
0
1
2
0
105
6
206
1
0
0
0
2
3
2
2
0
0
0
0
0
2
0
1
2
0
1
0
0
0
0
0
0
0
3
0
0
0
0
0
0
1
6
29
10
0
4
0
4
1
0
0
2
0
1
0
0
1
0
0
0
0
8
0
1
0
0
3
0
0
0
0
0
0
8
1
0
2
1
0
0
0
3
0
1
1
0
4
3
4
0
0
0
2
0
0
2
2
1
0
0
31
1
0
0
1
0
0
1
0
0
0
2
0
0
0
15
0
2
1
0
244
3
1
0
0
1
0
4
0
4
0
0
0
1
0
1
0
0
0
1
0
1
2
2
10
6
0
0
19
0
12
0
0
0
0
2
1
0
0
1
0
0
0
0
11
0
1
0
0
0
2
108
0
0
1
2
0
1
6
0
1
0
3
0
0
0
0
1
0
0
0
0
0
0
5
0
0
3
0
0
1
4
0
0
4
0
14
8
24
0
0
0
0
0
0
1
0
0
3
32
0
0
0
0
3
0
0
0
0
0
0
0
0
3
0
1
0
0
0
3
0
1
0
0
0
0
2
2
0
1
13
4
0
0
0
0
1
0
0
1
0
0
0
2
0
1
0
55
0
0
0
0
0
0
1
0
0
5
0
0
1
0
2
64
0
0
12
0
4
0
1
1
2
1
7